5378 8087622
5380 50189611
5253 2487569
5382 3055645
5383 15443393
5639 11
5385 7268763
5265 29739219
5138 1
5148 3946838
5722 1
5151 29538198
5789 1
5409 1
5410 49941603
5795 91693901
5576 11
5640 11
5034 15738
5575 1
5550 24586458
5039 3317132
5310 32715228
5559 130868631
5305 17573715
5407 14738145
5181 1
5182 1
5183 1
5184 1
5185 1
5186 1
5579 1
5188 1
5189 1
5190 1
5191 1
5192 1
5193 1
5194 1
5195 1
5196 1
5197 1
5198 1
5577 1
5748 1
5569 7118472
5347 1182616
5697 18668499
5768 92296597
5641 11
5725 86647741
5726 40348507
5733 8794087
5578 1
5218 1
5219 1
5221 1
5222 1
5351 20147741
5610 26581435
5228 1
5229 1
5309 1
5233 11
5747 11
5236 1
5237 1
5749 1
5753 11
5375 1
